Open com7 at 115200 buad rate
#surf 5 3
-1 0 -1
1 -1 2
1 -4 3
-1 1 2
-1 -1 1

#surf 5 3
9 9 9
9 9 9
9 9 9
9 9 9
9 9 9

#surf 5 3
-1 0 -1
1 -1 2
1 -4 3
-1 1 2
-1 -1 1

#surf 5 3
-2 9 -1
2 -9 2
2 -9 3
-2 9 2
-2 8 1

#surf 5 3
-1 1 -1
1 -1 1
1 -1 1
-1 1 1
-1 -1 1

#surf 5 3
0 0 0
0 0 0
0 0 0
-1 1 2
-1 -1 1

#surf 5 3
1 0 1
0 1 2
1 4 3
1 1 2
1 1 1

#surf 5 3
78 0 21
1 -1 22
81 -82 13
31 13 2
51 -71 1

#surf 5 3
71 10 -1
38 -1 0
1 -54 3
-90 1 77
1 34 1

#surf 5 3
-19 0 -11
13 -1 2
1 -40 13
-13 1 2
-41 -1 0

#surf 5 3
-1 0 -1
10 -1 9
1 -4 3
-8 1 -2
-1 0 1
